300	-396988.248098844
304.4	-393662.385477271
308.8	-390336.522855688
313.2	-387010.660234105
317.6	-383684.797612522
322	-380358.934990949
326.4	-377033.072369375
330.8	-373707.209747792
335.2	-370381.347126209
339.6	-367055.484504626
344	-363729.621883053
348.4	-360403.75926148
352.8	-357077.896639897
357.2	-353752.034018314
361.6	-350426.171396731
366	-347100.308775158
370.4	-343774.446153585
374.8	-340448.583532002
379.2	-337122.720910419
383.6	-333796.858288846
388	-330470.995667263
392.4	-327145.133045689
396.8	-323819.270424106
401.2	-320493.407802523
405.6	-317167.54518095
410	-313841.682559377
414.4	-310515.819937794
418.8	-307189.957316211
423.2	-303864.094694638
427.6	-300538.232073055
432	-297212.369451482
436.4	-293886.506829899
440.8	-290560.644208316
445.2	-287234.781586743
449.6	-283908.91896516
454	-280583.056343587
458.4	-277257.193722004
462.8	-273931.331100421
467.2	-270605.468478847
471.6	-267279.605857264
476	-263953.743235691
480.4	-260627.880614108
484.8	-257302.017992525
489.2	-253976.155370952
493.6	-250650.292749369
498	-247324.430127796
502.4	-243998.567506213
506.8	-240672.70488465
511.2	-237346.842263067
515.6	-234020.979641474
520	-230695.117019901
524.4	-227369.254398318
528.8	-224043.391776745
533.2	-220717.529155171
537.6	-217391.666533578
542	-214065.803912005
546.4	-210739.941290422
550.8	-207414.078668859
555.2	-204088.216047276
559.6	-200762.353425683
564	-197436.49080411
568.4	-194110.628182537
572.8	-190784.765560964
577.2	-187458.902939381
581.6	-184133.040317798
586	-180807.177696215
590.4	-177481.315074642
594.8	-174155.452453069
599.2	-170829.589831486
603.6	-167503.727209903
608	-164177.864588319
612.4	-160852.001966756
616.8	-157526.139345173
621.2	-154200.27672359
625.6	-150874.414102007
630	-147548.551480424
634.4	-144222.688858861
638.8	-140896.826237278
643.2	-137570.963615695
647.6	-134245.100994112
652	-130919.238372549
656.4	-127593.375750966
660.8	-124267.513129383
665.2	-120941.6505078
669.6	-117615.787886217
674	-114289.925264653
678.4	-110964.06264307
682.8	-107638.200021487
687.2	-104312.337399904
691.6	-100986.474778331
696	-97660.6121567581
700.4	-94334.7495351751
704.8	-91008.886913592
709.2	-87683.024292009
713.6	-84357.1616704359
718	-81031.2990488628
722.4	-77705.4364272798
726.8	-74379.5738056967
731.2	-71053.7111841137
735.6	-67727.8485625306
740	-64401.9859409675
744.4	-61076.1233193845
748.8	-57750.2606978014
753.2	-54424.3980762283
757.6	-51098.5354546353
762	-47772.6728330722
766.4	-44446.8102114892
770.8	-41120.9475899061
775.2	-37795.084968333
779.6	-34469.22234674
784	-31143.3597251769
788.4	-27817.4971035939
792.8	-24491.6344820307
797.2	-21165.7718604377
801.6	-17839.9092388547
806	-14514.0466172816
810.4	-11188.1839956985
814.8	-7862.32137413542
819.2	-4536.45875254241
823.6	-1210.59613096933
828	2115.26649061372
832.4	5441.12911219677
836.8	8766.99173375989
841.2	12092.8543553529
845.6	15418.716976926
850	18744.579598509
854.4	22070.4422200821
858.8	25396.3048416552
863.2	28722.1674632482
867.6	32048.0300848213
872	35373.8927064043
876.4	38699.7553279774
880.8	42025.6179495505
885.2	45351.4805711336
889.6	48677.3431927166
894	52003.2058142997
898.4	55329.0684358727
902.8	58654.9310574558
907.2	61980.7936790289
911.6	65306.6563006119
916	68632.518922195
920.4	71958.3815437681
924.8	75284.2441653411
929.2	78610.1067869242
933.6	81935.9694085072
938	85261.8320300803
942.4	88587.6946516634
946.8	91913.5572732364
951.2	95239.4198948195
955.6	98565.2825164025
960	101891.145137976
964.4	105217.007759559
968.8	108542.870381132
973.2	111868.733002715
977.6	115194.595624298
982	118520.458245871
986.4	121846.320867444
990.8	125172.183489027
995.2	128498.04611061
999.6	131823.908732183
1004	135149.771353766
1008.4	138475.633975339
1012.8	141801.496596922
1017.2	145127.359218505
1021.6	148453.221840079
1026	151779.084461652
1030.4	155104.947083235
1034.8	158430.809704818
1039.2	161756.672326401
1043.6	165082.534947974
1048	168408.397569547
1052.4	171734.26019113
1056.8	175060.122812713
1061.2	178385.985434296
1065.6	181711.848055859
1070	185037.710677442
1074.4	188363.573299025
1078.8	191689.435920608
1083.2	195015.298542181
1087.6	198341.161163754
1092	201667.023785338
1096.4	204992.886406921
1100.8	208318.749028504
1105.2	211644.611650077
1109.6	214970.47427165
1114	218296.336893233
1118.4	221622.199514816
1122.8	224948.062136389
1127.2	228273.924757972
1131.6	231599.787379545
1136	234925.650001128
1140.4	238251.512622711
1144.8	241577.375244284
1149.2	244903.237865857
1153.6	248229.10048744
1158	251554.963109023
1162.4	254880.825730606
1166.8	258206.68835218
1171.2	261532.550973753
1175.6	264858.413595336
1180	268184.276216919
1184.4	271510.138838502
1188.8	274836.001460075
1193.2	278161.864081648
1197.6	281487.726703231
1202	284813.589324814
1206.4	288139.451946397
1210.8	291465.31456796
1215.2	294791.177189543
1219.6	298117.039811126
1224	301442.902432699
1228.4	304768.765054272
1232.8	308094.627675856
1237.2	311420.490297439
1241.6	314746.352919022
1246	318072.215540595
1250.4	321398.078162168
1254.8	324723.940783751
1259.2	328049.803405334
1263.6	331375.666026907
1268	334701.52864849
1272.4	338027.391270063
1276.8	341353.253891646
1281.2	344679.116513229
1285.6	348004.979134812
1290	351330.841756385
1294.4	354656.704377958
1298.8	357982.566999541
1303.2	361308.429621124
1307.6	364634.292242698
1312	367960.154864271
1316.4	371286.017485854
1320.8	374611.880107437
1325.2	377937.74272902
1329.6	381263.605350593
1334	384589.467972176
1338.4	387915.330593749
1342.8	391241.193215332
1347.2	394567.055836905
1351.6	397892.918458488
1356	401218.781080061
1360.4	404544.643701644
1364.8	407870.506323227
1369.2	411196.368944801
1373.6	414522.231566384
1378	417848.094187957
1382.4	421173.95680954
1386.8	424499.819431123
1391.2	427825.682052696
1395.6	431151.544674269
1400	434477.407295852
1404.4	437803.269917435
1408.8	441129.132539008
1413.2	444454.995160591
1417.6	447780.857782164
1422	451106.720403747
1426.4	454432.58302533
1430.8	457758.445646903
1435.2	461084.308268486
1439.6	464410.17089006
1444	467736.033511643
1448.4	471061.896133216
1452.8	474387.758754799
1457.2	477713.621376382
1461.6	481039.483997955
1466	484365.346619538
1470.4	487691.209241111
1474.8	491017.071862694
1479.2	494342.934484277
1483.6	497668.79710585
1488	500994.659727423
1492.4	504320.522349006
1496.8	507646.384970589
1501.2	510972.247592162
1505.6	514298.110213746
1510	517623.972835319
1514.4	520949.835456902
1518.8	524275.698078485
1523.2	527601.560700058
1527.6	530927.423321641
1532	534253.285943214
1536.4	537579.148564797
1540.8	540905.01118637
1545.2	544230.873807953
1549.6	547556.736429536
1554	550882.599051109
1558.4	554208.461672692
1562.8	557534.324294265
1567.2	560860.186915848
1571.6	564186.049537421
1576	567511.912159005
1580.4	570837.774780588
1584.8	574163.637402161
1589.2	577489.500023744
1593.6	580815.362645317
1598	584141.2252669
1602.4	587467.087888483
1606.8	590792.950510056
1611.2	594118.813131629
1615.6	597444.675753212
1620	600770.538374795
1624.4	604096.400996378
1628.8	607422.263617951
1633.2	610748.126239524
1637.6	614073.988861107
1642	617399.85148269
1646.4	620725.714104274
1650.8	624051.576725847
1655.2	627377.43934742
1659.6	630703.301969003
1664	634029.164590586
1668.4	637355.027212159
1672.8	640680.889833742
1677.2	644006.752455315
1681.6	647332.615076898
1686	650658.477698481
1690.4	653984.340320054
1694.8	657310.202941627
1699.2	660636.06556321
1703.6	663961.928184793
1708	667287.790806376
1712.4	670613.653427939
1716.8	673939.516049522
1721.2	677265.378671105
1725.6	680591.241292689
1730	683917.103914262
1734.4	687242.966535835
1738.8	690568.829157418
1743.2	693894.691779001
1747.6	697220.554400584
1752	700546.417022157
1756.4	703872.27964373
1760.8	707198.142265313
1765.2	710524.004886896
1769.6	713849.867508479
1774	717175.730130052
1778.4	720501.592751625
1782.8	723827.455373208
1787.2	727153.317994791
1791.6	730479.180616374
1796	733805.043237938
1800.4	737130.905859521
1804.8	740456.768481104
1809.2	743782.631102687
1813.6	747108.49372426
1818	750434.356345833
1822.4	753760.218967416
1826.8	757086.081588999
1831.2	760411.944210582
1835.6	763737.806832145
1840	767063.669453728
1844.4	770389.532075311
1848.8	773715.394696894
1853.2	777041.257318477
1857.6	780367.119940041
1862	783692.982561624
1866.4	787018.845183207
1870.8	790344.70780479
1875.2	793670.570426363
1879.6	796996.433047936
1884	800322.295669519
1888.4	803648.158291102
1892.8	806974.020912685
1897.2	810299.883534258
1901.6	813625.746155831
1906	816951.608777414
1910.4	820277.471398997
1914.8	823603.33402058
1919.2	1262256.37941184
1923.6	1265582.24203342
1928	1268908.104655
1932.4	1272233.96727659
1936.8	1275559.82989817
1941.2	1278885.69251973
1945.6	1282211.55514131
1950	1285537.4177629
1954.4	1288863.28038448
1958.8	1292189.14300605
1963.2	1295515.00562763
1967.6	1298840.86824921
1972	1302166.73087079
1976.4	1305492.59349237
1980.8	1308818.45611394
1985.2	1312144.31873552
1989.6	1315470.18135711
1994	1318796.04397869
1998.4	1322121.90660026
2002.8	1325447.76922183
2007.2	1328773.63184342
2011.6	1332099.494465
2016	1335425.35708658
2020.4	1338751.21970816
2024.8	1342077.08232973
2029.2	1345402.94495131
2033.6	1348728.8075729
2038	1352054.67019448
2042.4	1355380.53281605
2046.8	1358706.39543762
2051.2	1362032.25805921
2055.6	1365358.12068079
2060	1368683.98330236
2064.4	1372009.84592394
2068.8	1375335.70854552
2073.2	1378661.5711671
2077.6	1381987.43378869
2082	1385313.29641026
2086.4	1388639.15903183
2090.8	1391965.02165342
2095.2	1395290.88427499
2099.6	1398616.74689658
2104	1401942.60951815
2108.4	1405268.47213973
2112.8	1408594.33476131
2117.2	1411920.19738288
2121.6	1415246.06000447
2126	1418571.92262605
2130.4	1421897.78524762
2134.8	1425223.64786921
2139.2	1428549.51049078
2143.6	1431875.37311236
2148	1435201.23573395
2152.4	1438527.09835552
2156.8	1441852.9609771
2161.2	1445178.82359867
2165.6	1448504.68622025
2170	1451830.54884184
2174.4	1455156.41146341
2178.8	1458482.274085
2183.2	1461808.13670657
2187.6	1465133.99932814
2192	1468459.86194973
2196.4	1471785.72457131
2200.8	1475111.58719289
2205.2	1478437.44981447
2209.6	1481763.31243604
2214	1485089.17505762
2218.4	1488415.0376792
2222.8	1491740.90030078
2227.2	1495066.76292236
2231.6	1498392.62554393
2236	1501718.48816552
2240.4	1505044.35078709
2244.8	1508370.21340867
2249.2	1511696.07603026
2253.6	1515021.93865183
2258	1518347.80127341
2262.4	1521673.66389498
2266.8	1524999.52651657
2271.2	1528325.38913815
2275.6	1531651.25175972
2280	1534977.1143813
2284.4	1538302.97700288
2288.8	1541628.83962446
2293.2	1544954.70224604
2297.6	1548280.56486762
2302	1551606.42748919
2306.4	1554932.29011078
2310.8	1558258.15273236
2315.2	1561584.01535393
2319.6	1564909.87797551
2324	1568235.74059709
2328.4	1571561.60321867
2332.8	1574887.46584025
2337.2	1578213.32846183
2341.6	1581539.19108341
2346	1584865.05370498
2350.4	1588190.91632657
2354.8	1591516.77894815
2359.2	1594842.64156972
2363.6	1598168.50419131
2368	1601494.36681288
2372.4	1604820.22943446
2376.8	1608146.09205604
2381.2	1611471.95467762
2385.6	1614797.8172992
2390	1618123.67992077
2394.4	1621449.54254236
2398.8	1624775.40516393
2403.2	1628101.26778551
2407.6	1631427.13040709
2412	1634752.99302867
2416.4	1638078.85565025
2420.8	1641404.71827183
2425.2	1644730.5808934
2429.6	1648056.44351499
2434	1651382.30613656
2438.4	1654708.16875813
2442.8	1658034.03137972
2447.2	1661359.89400129
2451.6	1664685.75662289
2456	1668011.61924446
2460.4	1671337.48186602
2464.8	1674663.34448762
2469.2	1677989.20710919
2473.6	1681315.06973077
2478	1684640.93235236
2482.4	1687966.79497392
2486.8	1691292.65759551
2491.2	1694618.52021708
2495.6	1697944.38283867
2500	1701270.24546025
	
