300	-14098.171943474
304.4	-12107.9588694803
308.8	-10117.7457954867
313.2	-8127.53272149307
317.6	-6137.31964749921
322	-4147.10657350581
326.4	-2156.89349951218
330.8	-166.680425518321
335.2	1823.53264847508
339.6	3813.74572246871
344	5803.95879646257
348.4	7794.17187045596
352.8	9784.38494444959
357.2	11774.5980184432
361.6	13764.8110924369
366	15755.0241664305
370.4	17745.2372404241
374.8	19735.450314418
379.2	21725.6633884114
383.6	23715.8764624052
388	25706.0895363989
392.4	27696.3026103927
396.8	29686.5156843861
401.2	31676.7287583797
405.6	33666.9418323736
410	35657.154906367
414.4	37647.3679803606
418.8	39637.5810543545
423.2	41627.7941283479
427.6	43618.0072023417
432	45608.2202763354
436.4	47598.433350329
440.8	49588.6464243226
445.2	51578.8594983163
449.6	53569.0725723099
454	55559.2856463035
458.4	57549.4987202971
462.8	59539.7117942908
467.2	61529.9248682844
471.6	63520.137942278
476	65510.3510162717
480.4	67500.5640902653
484.8	69490.7771642589
489.2	71480.9902382526
493.6	73471.2033122462
498	75461.4163862398
502.4	77451.6294602337
506.8	79441.8425342271
511.2	81432.0556082209
515.6	83422.2686822145
520	85412.4817562079
524.4	87402.6948302016
528.8	89392.9079041952
533.2	91383.1209781891
537.6	93373.3340521827
542	95363.5471261763
546.4	97353.76020017
550.8	99343.9732741636
555.2	101334.186348157
559.6	103324.399422151
564	105314.612496144
568.4	107304.825570138
572.8	109295.038644132
577.2	111285.251718126
581.6	113275.464792119
586	115265.677866113
590.4	117255.890940106
594.8	119246.1040141
599.2	121236.317088094
603.6	123226.530162087
608	125216.743236081
612.4	127206.956310075
616.8	129197.169384068
621.2	131187.382458062
625.6	133177.595532055
630	135167.808606049
634.4	137158.021680043
638.8	139148.234754036
643.2	141138.44782803
647.6	143128.660902024
652	145118.873976018
656.4	147109.087050011
660.8	149099.300124005
665.2	151089.513197998
669.6	153079.726271992
674	155069.939345985
678.4	157060.152419979
682.8	159050.365493973
687.2	161040.578567967
691.6	163030.79164196
696	165021.004715954
700.4	167011.217789948
704.8	169001.430863941
709.2	170991.643937935
713.6	172981.857011928
718	174972.070085922
722.4	176962.283159916
726.8	178952.496233909
731.2	180942.709307903
735.6	182932.922381897
740	184923.13545589
744.4	186913.348529884
748.8	188903.561603878
753.2	190893.774677871
757.6	192883.987751865
762	194874.200825858
766.4	196864.413899852
770.8	198854.626973846
775.2	200844.840047839
779.6	202835.053121833
784	204825.266195827
788.4	206815.47926982
792.8	208805.692343814
797.2	210795.905417807
801.6	212786.118491801
806	214776.331565795
810.4	216766.544639788
814.8	218756.757713782
819.2	220746.970787776
823.6	222737.183861769
828	224727.396935763
832.4	226717.610009757
836.8	228707.82308375
841.2	230698.036157744
845.6	232688.249231738
850	234678.462305731
854.4	236668.675379725
858.8	238658.888453719
863.2	240649.101527712
867.6	242639.314601706
872	244629.5276757
876.4	246619.740749693
880.8	248609.953823687
885.2	250600.16689768
889.6	252590.379971674
894	254580.593045668
898.4	256570.806119661
902.8	258561.019193655
907.2	260551.232267649
911.6	262541.445341642
916	264531.658415636
920.4	266521.87148963
924.8	268512.084563623
929.2	270502.297637617
933.6	272492.51071161
938	274482.723785604
942.4	276472.936859598
946.8	278463.149933591
951.2	280453.363007585
955.6	282443.576081579
960	284433.789155572
964.4	286424.002229566
968.8	288414.215303559
973.2	290404.428377554
977.6	292394.641451547
982	294384.85452554
986.4	296375.067599534
990.8	298365.280673528
995.2	300355.493747521
999.6	302345.706821515
1004	304335.919895509
1008.4	306326.132969503
1012.8	308316.346043496
1017.2	310306.55911749
1021.6	312296.772191483
1026	314286.985265477
1030.4	316277.198339471
1034.8	318267.411413464
1039.2	320257.624487458
1043.6	322247.837561452
1048	324238.050635445
1052.4	326228.263709439
1056.8	328218.476783432
1061.2	330208.689857426
1065.6	332198.90293142
1070	334189.116005413
1074.4	336179.329079407
1078.8	338169.542153401
1083.2	340159.755227394
1087.6	342149.968301388
1092	344140.181375382
1096.4	346130.394449375
1100.8	348120.607523369
1105.2	350110.820597363
1109.6	352101.033671356
1114	354091.24674535
1118.4	356081.459819343
1122.8	358071.672893337
1127.2	360061.885967331
1131.6	362052.099041325
1136	364042.312115318
1140.4	366032.525189312
1144.8	368022.738263305
1149.2	370012.951337299
1153.6	372003.164411293
1158	373993.377485286
1162.4	375983.59055928
1166.8	377973.803633274
1171.2	379964.016707267
1175.6	381954.229781261
1180	383944.442855255
1184.4	385934.655929248
1188.8	387924.869003242
1193.2	389915.082077235
1197.6	391905.295151229
1202	393895.508225223
1206.4	395885.721299216
1210.8	397875.93437321
1215.2	399866.147447204
1219.6	401856.360521197
1224	403846.573595191
1228.4	405836.786669184
1232.8	407826.999743179
1237.2	409817.212817172
1241.6	411807.425891165
1246	413797.63896516
1250.4	415787.852039153
1254.8	417778.065113149
1259.2	419768.278187149
1263.6	421758.491261168
1268	423748.704335256
1272.4	425738.917409598
1276.8	427729.130484888
1281.2	429719.343563697
1285.6	431709.556655583
1290	433699.769796056
1294.4	435689.983117058
1298.8	437680.197108812
1303.2	439670.413592771
1307.6	441660.639336573
1312	443650.899485547
1316.4	445641.287467633
1320.8	447632.150414625
1325.2	449624.778074881
1329.6	451623.962147136
1334	453647.500875602
1338.4	455761.44914903
1342.8	458210.204282892
1347.2	461887.755443323
1351.6	469929.410240493
1356	491768.427869355
1360.4	543594.652554115
1364.8	616309.00359285
1369.2	666284.074455696
1373.6	686977.978375383
1378	694625.37055019
1382.4	698189.259144463
1386.8	700606.845619893
1391.2	702712.362680979
1395.6	704733.629137574
1400	706732.201424511
1404.4	708724.664412055
1408.8	710715.483037699
1413.2	712705.859091009
1417.6	714696.116029455
1422	716686.340909172
1426.4	718676.55716057
1430.8	720666.771089733
1435.2	722656.984393887
1439.6	724647.197529827
1444	726637.410620493
1448.4	728627.623698974
1452.8	730617.836774175
1457.2	732608.049848494
1461.6	734598.262922575
1466	736588.475996592
1470.4	738578.689070592
1474.8	740568.902144588
1479.2	742559.115218582
1483.6	744549.328292576
1488	746539.541366569
1492.4	748529.754440563
1496.8	750519.967514556
1501.2	752510.18058855
1505.6	754500.393662544
1510	756490.606736537
1514.4	758480.819810531
1518.8	760471.032884524
1523.2	762461.245958518
1527.6	764451.459032512
1532	766441.672106505
1536.4	768431.885180499
1540.8	770422.098254493
1545.2	772412.311328486
1549.6	774402.52440248
1554	776392.737476474
1558.4	778382.950550467
1562.8	780373.163624461
1567.2	782363.376698454
1571.6	784353.589772448
1576	786343.802846442
1580.4	788334.015920436
1584.8	790324.228994429
1589.2	792314.442068423
1593.6	794304.655142417
1598	796294.86821641
1602.4	798285.081290404
1606.8	800275.294364397
1611.2	802265.507438391
1615.6	804255.720512384
1620	806245.933586378
1624.4	808236.146660372
1628.8	810226.359734366
1633.2	812216.572808359
1637.6	814206.785882353
1642	816196.998956347
1646.4	818187.21203034
1650.8	820177.425104334
1655.2	822167.638178328
1659.6	824157.851252321
1664	826148.064326315
1668.4	828138.277400308
1672.8	830128.490474302
1677.2	832118.703548296
1681.6	834108.916622289
1686	836099.129696283
1690.4	838089.342770276
1694.8	840079.555844271
1699.2	842069.768918264
1703.6	844059.981992258
1708	846050.195066251
1712.4	848040.408140245
1716.8	850030.621214238
1721.2	852020.834288232
1725.6	854011.047362226
1730	856001.260436219
1734.4	857991.473510213
1738.8	859981.686584207
1743.2	861971.899658201
1747.6	863962.112732194
1752	865952.325806188
1756.4	867942.538880181
1760.8	869932.751954175
1765.2	871922.965028169
1769.6	873913.178102162
1774	875903.391176156
1778.4	877893.604250149
1782.8	879883.817324143
1787.2	881874.030398137
1791.6	883864.24347213
1796	885854.456546124
1800.4	887844.669620118
1804.8	889834.882694111
1809.2	891825.095768105
1813.6	893815.308842098
1818	895805.521916093
1822.4	897795.734990086
1826.8	899785.94806408
1831.2	901776.161138073
1835.6	903766.374212067
1840	905756.58728606
1844.4	907746.800360054
1848.8	909737.013434048
1853.2	911727.226508041
1857.6	913717.439582035
1862	915707.652656028
1866.4	917697.865730023
1870.8	919688.078804016
1875.2	921678.291878009
1879.6	923668.504952003
1884	925658.718025997
1888.4	927648.931099991
1892.8	929639.144173984
1897.2	931629.357247978
1901.6	933619.570321971
1906	935609.783395965
1910.4	937599.996469959
1914.8	939590.209543952
1919.2	941580.422617946
1923.6	943570.63569194
1928	945560.848765933
1932.4	947551.061839927
1936.8	949541.274913921
1941.2	951531.487987915
1945.6	953521.701061908
1950	955511.914135902
1954.4	957502.127209895
1958.8	959492.340283889
1963.2	961482.553357882
1967.6	963472.766431876
1972	965462.97950587
1976.4	967453.192579863
1980.8	969443.405653857
1985.2	971433.618727851
1989.6	973423.831801845
1994	975414.044875838
1998.4	977404.257949832
2002.8	979394.471023825
2007.2	981384.684097819
2011.6	983374.897171813
2016	985365.110245806
2020.4	987355.3233198
2024.8	989345.536393794
2029.2	991335.749467787
2033.6	993325.96254178
2038	995316.175615774
2042.4	997306.388689768
2046.8	999296.601763762
2051.2	1001286.81483776
2055.6	1003277.02791175
2060	1005267.24098574
2064.4	1007257.45405974
2068.8	1009247.66713373
2073.2	1011237.88020772
2077.6	1013228.09328172
2082	1015218.30635571
2086.4	1017208.5194297
2090.8	1019198.7325037
2095.2	1021188.94557769
2099.6	1023179.15865169
2104	1025169.37172568
2108.4	1027159.58479967
2112.8	1029149.79787367
2117.2	1031140.01094766
2121.6	1033130.22402165
2126	1035120.43709565
2130.4	1037110.65016964
2134.8	1039100.86324363
2139.2	1041091.07631763
2143.6	1043081.28939162
2148	1045071.50246562
2152.4	1047061.71553961
2156.8	1049051.9286136
2161.2	1051042.1416876
2165.6	1053032.35476159
2170	1055022.56783558
2174.4	1057012.78090958
2178.8	1059002.99398357
2183.2	1060993.20705756
2187.6	1062983.42013156
2192	1064973.63320555
2196.4	1066963.84627955
2200.8	1068954.05935354
2205.2	1070944.27242753
2209.6	1072934.48550153
2214	1074924.69857552
2218.4	1076914.91164951
2222.8	1078905.12472351
2227.2	1080895.3377975
2231.6	1082885.5508715
2236	1084875.76394549
2240.4	1086865.97701948
2244.8	1088856.19009348
2249.2	1090846.40316747
2253.6	1092836.61624146
2258	1094826.82931546
2262.4	1096817.04238945
2266.8	1098807.25546344
2271.2	1100797.46853744
2275.6	1102787.68161143
2280	1104777.89468542
2284.4	1106768.10775942
2288.8	1108758.32083341
2293.2	1110748.53390741
2297.6	1112738.7469814
2302	1114728.96005539
2306.4	1116719.17312939
2310.8	1118709.38620338
2315.2	1120699.59927737
2319.6	1122689.81235137
2324	1124680.02542536
2328.4	1126670.23849935
2332.8	1128660.45157335
2337.2	1130650.66464734
2341.6	1132640.87772134
2346	1134631.09079533
2350.4	1136621.30386932
2354.8	1138611.51694332
2359.2	1140601.73001731
2363.6	1142591.9430913
2368	1144582.1561653
2372.4	1146572.36923929
2376.8	1148562.58231328
2381.2	1150552.79538728
2385.6	1152543.00846127
2390	1154533.22153527
2394.4	1156523.43460926
2398.8	1158513.64768325
2403.2	1160503.86075725
2407.6	1162494.07383124
2412	1164484.28690523
2416.4	1166474.49997923
2420.8	1168464.71305322
2425.2	1170454.92612721
2429.6	1172445.13920121
2434	1174435.3522752
2438.4	1176425.5653492
2442.8	1178415.77842319
2447.2	1180405.99149718
2451.6	1182396.20457118
2456	1184386.41764517
2460.4	1186376.63071916
2464.8	1188366.84379316
2469.2	1190357.05686715
2473.6	1192347.26994114
2478	1194337.48301514
2482.4	1196327.69608913
2486.8	1198317.90916313
2491.2	1200308.12223712
2495.6	1202298.33531111
2500	1204288.54838511
	
